3372134697@qq.com
llbrmvmqljegcijf
smtp.189.cn
465
10000
13971010995@139.com 999999,300210,002897,600566,002883,002626,002906,002787,002607,688588,002512,600758,000919,600581,301030
Wangyali770@163.com 999999,600758,002906,301246,002161,002435,002626,002370,002607,002787,002878,600629,300603,600581,600107,000501,301078
769635153@qq.com 999999,002728,600522,600056,688226,600406,600256,603613,002871,300382,600372,600089
1927549@qq.com 999999,603083,002529
317536803@qq.com 999999,300884
304886780@qq.com 999999

